0.29 5.9 1.2 0.0 -26 -21 -25 -20
0.289 6.0 0.7 0.0 -25 -26 -20 -16
0.294 5.6 1.7 0.0 -20 -25 -16 -12
0.3 3.4 2.2 0.0 -16 -20 -12 -11
0.296 3.8 1.6 0.0 -12 -16 -11 -7
0.295 4.2 1.6 0.0 -11 -12 -7 -4
0.298 4.5 2.2 0.0 -7 -11 -4 -1
0.294 5.0 3.6 0.0 -4 -7 -1 1
0.295 5.2 3.9 0.0 -1 -4 1 0
0.296 5.8 4.0 0.0 1 -1 0 0
0.293 5.7 4.3 0.0 0 1 0 2
0.296 6.7 4.9 0.0 0 0 2 3
0.304 7.6 4.8 0.0 2 0 3 4
0.304 7.4 1.7 0.0 3 2 4 10
0.318 9.9 6.0 0.0 4 3 10 7
0.337 11.4 3.2 0.0 10 4 7 5
0.339 10.3 3.8 0.0 7 10 5 10
0.345 8.1 -1.2 0.414 5 7 10 12
0.368 8.5 0.1 0.0 10 5 12 20
0.395 11.3 -1.3 0.5135 12 10 20 10
0.431 15.9 3.2 0.0 20 12 10 6
0.434 13.5 -2.8 1.2152 10 20 6 -10
0.441 10.9 -5.9 2.6019 6 10 -10 -22
0.435 9.9 -6.4 2.784 -10 6 -22 -38
0.436 10.3 -7.9 3.4444 -22 -10 -38 -61
0.444 9.7 -8.5 3.774 -38 -22 -61 -74
0.446 9.0 -6.9 3.0774 -61 -38 -74 -73
0.441 7.4 -6.4 2.8224 -74 -61 -73 -82
0.437 7.9 -6.5 2.8405 -73 -74 -82 -72
0.439 6.8 -3.3 1.4487 -82 -73 -72 -69
0.453 11.7 -1.3 0.5889 -72 -82 -69 -69
0.468 20.4 17.4 0.0 -69 -72 -69 -54
0.473 18.8 16.6 0.0 -69 -69 -54 -49
0.466 21.9 19.2 0.0 -54 -69 -49 -44
0.461 22.3 19.5 0.0 -49 -54 -44 -42
0.466 22.5 19.9 0.0 -44 -49 -42 -29
0.47 21.7 19.8 0.0 -42 -44 -29 -29
0.463 20.9 20.1 0.0 -29 -42 -29 -14
0.464 20.1 19.7 0.0 -29 -29 -14 -15
0.444 18.2 17.8 0.0 -14 -29 -15 -19
0.443 14.5 12.4 0.0 -15 -14 -19 -6
0.46 14.3 13.2 0.0 -19 -15 -6 -11
0.463 12.9 11.0 0.0 -6 -19 -11 -7
0.474 17.2 16.2 0.0 -11 -6 -7 5
0.496 8.4 1.3 0.0 -7 -11 5 -12
0.531 9.0 -0.9 0.4779 5 -7 -12 -31
0.547 4.6 -0.5 0.2735 -12 5 -31 -33
0.535 4.7 -1.1 0.5885 -31 -12 -33 -37
