3 2 90 180 0 2727 249000
2 1 66 132 0 4807 155000
4 2 158 316 0 4807 1350000
1 1 78 156 0 2973 199900
4 2 117 234 0 3277 450000
3 1 100 200 0 3277 390000
3 3 153 306 0 4162 660000
2 2 76 152 0 2727 275000
4 2 110 220 0 2973 320000
1 1 60 120 0 4005 110000
2 1 60 120 0 4005 179000
1 1 30 60 0 4005 125000
2 1 60 120 0 4005 179000
2 1 50 100 0 4005 168000
2 1 68 136 0 2881 125000
3 1 100 200 0 2927 375000
2 1 64 128 0 5112 190000
1 1 29 58 0 3402 85000
1 1 29 58 0 3402 90000
4 1 110 220 0 3277 325000
4 2 109 218 0 2927 300000
3 1 79 158 0 3036 390000
3 2 130 260 0 3841 750000
8 6 299 598 0 3841 1700000
2 1 68 136 0 3277 295000
2 1 61 122 0 2973 213500
3 3 195 390 0 3036 875000
3 1 105 210 0 3623 350000
1 1 57 114 0 5112 295000
5 3 190 380 0 2463 850000
11 6 573 1146 0 3623 1750000
3 3 230 460 0 3841 1375000
1 1 38 76 0 4807 350000
1 1 32 64 0 4807 255000
1 1 48 96 0 4807 355000
1 1 41 82 0 2973 295000
2 2 111 222 2 3859 778000
2 2 87 174 2 3859 665000
2 2 87 174 2 3859 665000
2 2 93 186 2 3859 705000
2 2 82 164 2 3859 627000
2 2 80 160 2 3859 598000
2 2 69 138 2 3859 515000
2 2 69 138 2 3859 515000
1 1 47 94 1 3859 349000
1 1 47 94 1 3859 349000
1 1 48 96 1 3859 365000
1 1 50 100 0 5340 275000
2 2 93 186 2 3859 705000
1 1 41 82 1 3859 315000
1 1 47 94 1 3859 349000
1 1 48 96 1 3859 365000
1 1 41 82 1 3859 315000
1 1 48 96 1 3859 365000
2 2 80 160 2 3859 598000
3 3 121 242 2 3859 892000
2 2 82 164 2 3859 627000
3 3 152 304 3 3859 1100000
3 3 152 304 1 3542 910000
3 3 157 314 1 3542 910000
